pinki:[5.807934143077196,112.11838084896847,11.11083053458246,5.807934143077196,11.363349410368425]
matter:[1.3219644391565866,220.10707911957167,28.422235441866615,81.30081300813009,22.473395465661973]
